Webots Project File version R2023a
perspectives: 000000ff00000000fd0000000200000001000002420000024cfc0200000001fb0000001400540065007800740045006400690074006f0072000000001e0000024c0000008700ffffff0000000300000780000000dbfc0100000002fc00000000000007800000000000fffffffa000000000100000001fb0000001e0043006f006e0073006f006c00650072006f0062006f00740041006c006c0100000000ffffffff0000000000000000fc00000000000007800000006900fffffffa000000000100000002fb0000001a0043006f006e0073006f006c00650041006c006c0041006c006c0100000000ffffffff0000006900fffffffb0000001a0043006f006e0073006f006c00650041006c006c0041006c006c0100000000ffffffff0000000000000000000007800000031900000001000000020000000100000008fc00000000
simulationViewPerspectives: 000000ff0000000100000002000000fa000006840100000002010000000101
sceneTreePerspectives: 000000ff00000001000000030000001e000000c0000000fa0100000002010000000201
maximizedDockId: -1
centralWidgetVisible: 1
orthographicViewHeight: 1
textFiles: 0 "controllers/ePuck_controller/ePuck_controller.py"
consoles: Console:All:All
renderingDevicePerspectives: e-puck:camera;0;0.220927;0;0
renderingDevicePerspectives: e-puck:display;0;0.222334;0;0.32129
